номер цикла	энергия	состав пара	давление	температура
no	J/mol	mol frac	bar	K
1	120	0.2	1	260
2	135	0.3	1.32	270
3	136	0.4	1.5	300
4	147.60688323517	0.554259089331749	2.3	340.969796971545
5	145.697854520454	0.509694755031247	3.60546622176672	340.316252452728
6	141.004895277334	0.58732653936214	3.52283060859659	340.705529898411
7	146.076524578142	0.598650632406413	3.536841060561	340.416568133851
8	146.013771772658	0.518482139843566	3.58068093479676	340.082132409338
9	149.470714061433	0.523961625648051	3.59176528319314	340.491027854976
10	144.175057491688	0.506131841567226	3.69228592901495	340.395765582614
11	141.176773557187	0.540507904551459	3.53698832057399	340.791599299937
12	145.115670608149	0.575558048715348	3.5257533574445	340.6154448293
13	143.487327110788	0.569585014087236	3.68097124135814	340.140909870346
14	144.06296076682	0.50836520681926	3.50098144481057	340.487390805386
15	145.918373454775	0.548095621106605	3.52270358138787	340.553690322494
16	145.927320009243	0.527374763646892	3.58094277487204	340.212806012753
17	148.011909761252	0.500023629963815	3.56430013143183	340.506905176406
18	144.694204921118	0.512625641083545	3.59479319482704	340.281919735679
19	146.171457923137	0.51011629468004	3.6974614471073	340.154384501209
20	149.587144493842	0.50262329412819	3.65135554345928	340.645917014542
