номер цикла	энергия	состав пара	давление	температура
no	J/mol	mol frac	bar	K
1	120	0.2	1	260
2	135	0.3	1.32	270
3	136	0.4	1.5	300
4	141.525905353874	0.540480772289093	2.3	320.328138285237
5	143.003404473995	0.564292270207808	3.03796111355043	320.281578052899
6	142.162189908295	0.512719188780432	3.13514436072187	320.904202799544
7	140.992943353049	0.596227944556846	3.03030173019056	320.120608781082
8	147.999075913096	0.549445214621852	3.05773106956703	320.24652735218
9	146.388601263322	0.574751575861102	3.17573736927147	320.916282916655
10	147.235986963726	0.57204316942996	3.02841364166597	320.679698958934
11	141.776671426292	0.515279632565382	3.05791174589874	320.549980436532
12	142.558052483181	0.548156170487456	3.16373736209457	320.694959467501
13	140.841126575897	0.542910471727179	3.00645426832303	320.808405701786
14	143.571370638883	0.599316805459497	3.11468906893049	320.462561046592
15	141.080329423195	0.575766175198126	3.00056221176823	320.339867687249
16	145.859598361596	0.579404973487256	3.17673572581568	320.105942961896
17	148.755222399271	0.593804252993251	3.08894602738656	320.195984926112
18	148.212307191179	0.597382745572792	3.15878920748115	320.326250449937
19	147.215025338366	0.584692972648778	3.11251381572758	320.23065886141
20	143.598582370185	0.588999860697604	3.14637074712855	320.987059928247
