номер цикла	энергия	состав пара	давление	температура
no	J/mol	mol frac	bar	K
1	120	0.2	1	260
2	135	0.3	1.32	270
3	136	0.4	1.5	300
4	140.68746177328	0.503554322572724	2.3	330.939680130617
5	147.606150348284	0.594237141291951	3.04667448857946	330.513078200645
6	144.378728218759	0.528112257165034	3.13105919437805	330.663357122295
7	149.02763881055	0.510239918618297	3.08787823760881	330.663796363499
8	149.527005543137	0.528045239993604	3.10373830080474	330.112799008659
9	145.662661175222	0.591454584578055	3.1995891636129	330.876496954441
10	146.262432438216	0.538270751956306	3.04705840977625	330.977874591185
11	148.625043953046	0.558116228834845	3.11482967600219	330.101934365796
12	140.425489021248	0.556312749539093	3.01103922928722	330.397499319353
13	144.959839774643	0.586674372810685	3.02854849867006	330.155101258819
14	147.302825345498	0.56612796292761	3.14743082949574	330.504808619525
15	144.945548510019	0.555206994609123	3.18249757320065	330.572379256952
16	146.158477371331	0.580864196481441	3.13107513106787	330.461144358894
17	141.932977256793	0.560059309728172	3.02985627373922	330.605373578018
18	142.339263448067	0.547057400221807	3.00759083207683	330.361145370279
19	149.381632901309	0.548685170697697	3.18693359756751	330.621362453938
20	148.732202904541	0.567986222719067	3.0567758942353	330.419105135135
