номер цикла	энергия	состав пара	давление	температура
no	J/mol	mol frac	bar	K
1	120	0.2	1	260
2	135	0.3	1.32	270
3	136	0.4	1.5	300
4	144.78803861562	0.556133765765478	2.3	310.10013627195
5	144.169386641327	0.5985991615124	3.16980857747587	310.555670976329
6	149.548525999929	0.501446874120906	3.16782959526555	310.003258276753
7	143.827119599023	0.585662135528444	3.16576977542854	310.944407476643
8	144.044716862953	0.599590463074216	3.08448201449308	310.329150103861
9	140.981959721285	0.527323214848039	3.02232150777213	310.080746716385
10	142.261477555272	0.548889975154957	3.11709420795045	310.003285864423
11	142.70898377206	0.564050477341758	3.01853174591303	310.968434813629
12	148.736902128591	0.575276156796512	3.18153658794448	310.839816872137
13	142.534306535427	0.548514678067799	3.19647971887008	310.119976620409
14	146.832988894578	0.537850383551013	3.15039582146607	310.32992897198
15	147.334992635238	0.54314051251355	3.05684519392893	310.266979312755
16	148.508113161646	0.563352449814567	3.12608646490167	310.692168231217
17	140.378344446634	0.521147735449389	3.16522065313047	310.773110326238
18	143.936391754645	0.502328285553782	3.13219699869719	310.167883000741
19	145.145474369276	0.564324288088821	3.18101680540676	310.174601223762
20	143.089074971632	0.572295830897665	3.06052441556237	310.761356159448
